PULSAR
NP=2048
SW=200000.0
VL=105804000.0
LB=100.0
GB=0.0
TYPE=SPE
XDATA
0.10371748059741215 -0.0018915061486761142
0.10203503615749554 -0.0011190562293083572
0.10371747940592924 0.00091297352934439913
0.10203503597926344 0.0016152640299347543
0.10371747933021158 0.0037249933524420575
0.1020350359687594 0.0043678634775460301
0.10371747936144016 0.0065671542735845634
0.10203503603068942 0.0071604744177260482
0.10371747945222909 0.009463126440236419
0.1020350361455904 0.010016255890443831
0.1037174795994078 0.012438587184997657
0.1020350363579472 0.012960719004397353
0.1037174799987306 0.015522332352009727
0.10203503630352539 0.016022854682255838
0.10371747953192934 0.018747677442551236
0.10203503608230302 0.019236588320655112
0.10371747941220844 0.022154312712802771
0.10203503601181119 0.022642729362784664
0.10371747937890374 0.025790869910434111
0.10203503599615929 0.026291707117682694
0.10371747938824853 0.02971861475243176
0.10203503601882552 0.030247535606614528
0.10371747941649739 0.034016964391406557
0.10203503604530753 0.034593786464234055
0.10371747944989848 0.038792080915722948
0.10203503607701384 0.039442960017209927
0.10371747949030292 0.044190899816273888
0.10203503611608601 0.044951899109501925
0.10371747954055252 0.050425366108716618
0.10203503616594309 0.051348635715653734
0.1037174796052628 0.057817406626885948
0.10203503623241167 0.058982657285598372
0.10371747969251532 0.066890655478350713
0.10203503632631494 0.06842846942997094
0.10371747981796661 0.078584098195107921
0.10203503647034354 0.080729560638065689
0.10371748001694542 0.094861643513203475
0.10203503672172919 0.098103350733009964
0.1037174803932177 0.12120259983509851
0.10203503728114166 0.12686227711768561
0.10371748156040064 0.19224362123520899
0.1977856250286919 0.20800133191719922
0.21925283867105722 0.1564981443626598
0.22391298743784888 0.15294561446969468
0.22981871617248706 0.14133456281234441
0.2339906263771282 0.16925773336305383
0.31885171038599663 0.18769320841168824
0.38188217999664592 0.078975811470206936
0.30214955107267255 0.02177203007149292
0.3067263253705515 0.056117084479350765
0.31814822766059619 0.012646080170379215
0.30147991038875488 0.0013077150330044196
0.28626299154231982 -0.021414259127475632
0.26684113359468065 -0.0073102102616203202
0.27349356255291435 -0.010080577400766788
0.26793289672197235 -0.0041012171292652555
0.27640547108122937 0.014099984631302465
0.35703157122734819 0.035227254802468799
0.43132788221358842 -0.11199474869126441
0.29597576558979249 -0.2162692358721463
0.21728982288527859 -0.16101483224374263
0.22206114816411088 -0.13636541341806524
0.21854385945970342 -0.16434348531954945
0.15803527935457951 -0.17265990817548793
0.13266266145596411 -0.13289496905942433
0.12758325159005224 -0.11442045676505225
0.12630549676610942 -0.098985481825153043
0.12207192291851302 -0.090304476264371769
0.12300055468859913 -0.079829542543909671
0.11997884057594259 -0.072682260860061021
0.12916706052217003 -0.063256077128876542
0.1339857257215159 -0.07401204480186252
0.12098111499938727 -0.082161113572967015
0.10319668751753218 -0.072524352175474149
0.1037174789316902 -0.058661458253407406
0.10203503578523208 -0.053763105320212168
0.10371747892081945 -0.046977932385140475
0.1020350357761155 -0.043970196654888799
0.10371747892695279 -0.038860994209997557
0.1020350357746606 -0.036641508364762071
0.10371747893711419 -0.032376614621450528
0.10203503577602821 -0.030631624538915048
0.10371747894820144 -0.026894305423200704
0.10203503577864331 -0.025475699105068861
0.1037174789591926 -0.022100065320345891
0.10203503578184933 -0.020922680555720913
0.10371747896973252 -0.017806791419633622
0.10203503578533643 -0.016815923706472669
0.10371747897971849 -0.013890873055927372
0.10203503578894824 -0.013048758336088595
0.10371747898915384 -0.010264846514314918
0.10203503579261512 -0.0095440317205300607
0.10371747899809158 -0.0068635922646746172
0.10203503579631812 -0.0062433003281967825
0.10371747900662254 -0.0036365719390861195
0.10203503580008455 -0.0031005394007041498
0.10371747904539792 -0.00054309649381137359
0.10203503608664724 -7.8202419106582211e-005
0.10371747960819698 0.0024507508154579527
0.10203503672088873 0.0028554018849861196
0.10371748033109089 0.0053742352724974463
0.10203503765529878 0.0057279595703386421
0.1037174819416079 0.0082535178826569355
0.10203503922426928 0.0085645284862903293
0.10371748246442014 0.011112855187814963
0.10203503903293185 0.011388641504865987
0.1037174819700241 0.013975606216611453
0.10203503836797634 0.014223245345624635
0.10371748120082022 0.016865132855737042
0.10203503759418153 0.017091579206526264
0.10371748044733461 0.019805698130454241
0.10203503690241333 0.020018071202833054
0.10371747987058277 0.022823431787824422
0.1020350364796916 0.023029331151187757
0.10371747982360438 0.025947455601447067
0.10203503645317721 0.026155334949148151
0.10371747948426592 0.029211284254723635
0.10203503610987968 0.029430931220387146
0.10371747926496652 0.032654667684904187
0.10203503595578917 0.032897848290937087
0.10371747916487933 0.036326118894767251
0.10203503586577946 0.036607496083537305
0.10371747910560031 0.040286534534640039
0.10203503585712377 0.040625027519731793
0.10371747911385745 0.044614576923664773
0.10203503586434663 0.045035462731070314
0.10371747912279559 0.049415012430852889
0.10203503587306152 0.049953323372478736
0.10371747913260428 0.054832237798837946
0.10203503588394268 0.055538541125789528
0.10371747914351154 0.061073462375128257
0.1020350358980899 0.062024311527633297
0.1037174791557538 0.068451264522484484
0.10203503591741217 0.069769600193013176
0.10371747916943709 0.077469084835874572
0.10203503594551704 0.079368260862805184
0.10371747918391136 0.089015954207964681
0.10203503599005637 0.091908946298224145
0.10371747919463332 0.10490313193109008
0.10203503607040265 0.10973680936112146
0.10371747917131466 0.12993413113709285
0.10203503625371099 0.13966646970521535
0.10371747867370837 0.19112055551270385
0.16790123919428973 0.22735755566075364
0.23505631724766821 0.20753386609107313
0.25721230107098259 0.15370987530782615
0.23772452976952296 0.13690491597460919
0.231723654201753 0.15882514963970734
0.30268809379974548 0.20290276768569201
0.39871715490168547 0.090757626720236323
0.29948818939795907 0.0077388963167563662
0.29075147627206643 0.056309453014154034
0.29917273152673224 0.016189890601360696
0.27648753388701253 0.014242350541661064
0.26087324657836358 0.007988761206663697
0.26263005010456303 0.030646475537541101
0.26792973530061365 0.015801521859784839
0.27203697393674697 0.043362864282943864
0.30853651782122937 0.027472865124263918
0.33874312748205765 0.037917078593606157
0.42337060599758752 -0.055826701030873366
0.3345756890240914 -0.16670847804234395
0.27807092809708323 -0.15072434222388989
0.24467294265027217 -0.17034099219572715
0.2078873385561624 -0.15994377345023875
0.17695180956430676 -0.16792798953329577
0.13026718162772855 -0.13959945811956481
0.12867600769617923 -0.10374697519162701
0.13127485708084718 -0.093637833913440646
0.128140345211637 -0.08401422118782792
0.12829386723018127 -0.077860584576523256
0.12469509577103403 -0.072751990534819427
0.12459131593017647 -0.069039280072494255
0.1185310514783037 -0.067118313143486485
0.11629063060347782 -0.061190398386666872
0.11185652791089032 -0.060627043481828943
0.10371747894974878 -0.054067260020732366
0.10203503576660677 -0.043686465828344428
0.10371747893666752 -0.039305009782149875
0.10203503579265047 -0.034074394096210353
0.1037174789489245 -0.030523761234261523
0.10203503580465913 -0.026719949463281115
0.10371747896112929 -0.023671788137605232
0.1020350358114068 -0.020633282985107873
0.10371747897183478 -0.017928398289309727
0.10203503581561021 -0.015386687929505052
0.10371747898112378 -0.012929884853922075
0.10203503581839125 -0.010740371757074388
0.10371747898925608 -0.0084685805973752915
0.1020350358203139 -0.0065412302878781053
0.10371747899645711 -0.0044099753437394085
0.10203503582166229 -0.0026834393351913982
0.10371747900291362 -0.00065995497512992551
0.10203503582259063 0.00091033006438481778
0.10371747900874484 0.0028510173715479287
0.10203503582317514 0.0042991001286268732
0.10371747901404156 0.0061765793111960426
0.10203503582345441 0.0075296359854053613
0.10371747908093266 0.0093596775346968669
0.10203503727991269 0.010640296441704819
0.10371748220704047 0.012435915935567338
0.1020350421282621 0.013663628578403114
0.10371749151657601 0.015435845510618898
0.10203506440291643 0.016628239093785052
0.10371759187916382 0.018386598849057231
0.10203512754825485 0.019559983883918941
0.10371755838385191 0.021313105517526562
0.10203511134702559 0.022483674266381287
0.10371755280568754 0.024239405853984416
0.10203510833104734 0.025423364578259361
0.10371755053970738 0.027189206714864675
0.10203510596973399 0.028403669657979594
0.10371754774528788 0.03018700179155788
0.10203510268815087 0.031450646797221676
0.10371754420659539 0.033258983545453064
0.10203509961339002 0.034592876472554962
0.10371754564353747 0.036434136546668563
0.10203510071481475 0.037862750035160597
0.10371750969316024 0.039745563511672022
0.10203505309053312 0.041298247202040735
0.10371748865621619 0.043232351327695921
0.10203504082204895 0.044945032352092108
0.10371748136337972 0.046941690821519805
0.10203503645218526 0.048859729245721975
0.10371747906826506 0.050932416209091322
0.10203503579903311 0.053114547978614479
0.10371747907258019 0.05527981959374155
0.10203503579312011 0.057804299925300374
0.10371747907729159 0.060083077733210637
0.1020350357856922 0.063057525449020407
0.10371747908253059 0.065477017363335985
0.10203503577616328 0.069054988063987521
0.10371747908847218 0.071651693087646184
0.10203503576359615 0.076062299702416847
0.10371747909535511 0.07888691975227631
0.10203503574640159 0.084491920249354174
0.10371747910350831 0.087617846541288152
0.10203503572165773 0.095033177219812359
0.10371747911338812 0.098572221913462335
0.10203503568337052 0.10896514731190768
0.10371747912560356 0.11309966051874976
0.10203503561700036 0.12908427901019692
0.10371747914079855 0.13414325226208318
0.10203503547513118 0.16366810647076971
0.10371747915846849 0.17036791333393025
0.10203503491280694 0.26944953992233361
0.26883217995838504 0.28079740044055956
0.27415481684288073 0.16871352340394821
0.2715336411529799 0.17079041068821524
0.24810626206785313 0.14801395972778175
0.29918514632594978 0.22996219445541496
0.42174469639559931 0.12285794400500318
0.34727584197203942 0.022970381512367563
0.3146314987355282 0.034722591202341155
0.30666719599530379 0.016781600117471526
0.28453126948788876 0.015076383416782496
0.2868256429834512 0.022911020002365209
0.29674582544688211 0.0096822658872223466
0.28792779411598696 -0.013783049267179132
0.26210196955641657 -0.009668491965346776
0.27360694501206001 0.011506071314945424
0.30464847896711039 0.013628601702193439
0.36044943542440716 -0.036701925741846719
0.31201962081424761 -0.13075616539836332
0.25508107309002914 -0.11279271234497565
0.24531057910768858 -0.12974700640148162
0.21228225903395676 -0.11972067894869391
0.20972774798308816 -0.143595166115914
0.13885300227059977 -0.14025276571610507
0.13431947839840588 -0.090132831281747386
0.1348862395949236 -0.085962092686832803
0.13234011187498471 -0.06984646627525759
0.13372541104228391 -0.067795806064803524
0.12991761701510673 -0.061862235334467261
0.12773802972441625 -0.058790307010357604
0.12573209749423359 -0.053443280614813043
0.12661737894705011 -0.053668503200143436
0.11938819098348175 -0.058332435775796304
0.10371747919191912 -0.052073117674431679
0.10203503605537692 -0.036584632662956529
0.10371747912493857 -0.032946548903434278
0.10203503600205466 -0.02590274868477152
0.10371747910046991 -0.022894580332047207
0.10203503597619552 -0.018058694683441776
0.1037174790872801 -0.015353009097469492
0.10203503596062195 -0.011684315367968962
0.10371747907908757 -0.009154790336306548
0.10203503595011051 -0.0062439174125706459
0.10371747907356874 -0.0038247572705858018
0.10203503594249699 -0.0014552462214353912
0.10371747906973601 0.00089366479266150822
0.1020350359375016 0.0028547138324670485
0.10371747906910028 0.0051603973363542055
0.10203503593786292 0.006802239105002772
0.10371747907606416 0.0090842583935500654
0.10203503595008306 0.010470586498341261
0.10371747910156891 0.012743953261828506
0.10203503598866262 0.013922322670659924
0.10371747916245139 0.016199157580409851
0.10203503608144929 0.017206400465090754
0.10371747929529468 0.01949696406017519
0.10203504250474102 0.020362548596545349
0.10371751216098443 0.022675922077989977
0.10203510743102856 0.023424109738281865
0.10371760677503511 0.025768650703350326
0.10203525197721836 0.026420075234083795
0.10371785039571084 0.028803778026078655
0.10203547618144611 0.02937637218646956
0.10371796325423582 0.031807317655800596
0.10203557160209289 0.032317688550137245
0.10371806711554654 0.034804202234067882
0.10203567599681494 0.035267758086567361
0.10371816937306388 0.037818684710773404
0.10203578167154231 0.038250567744347784
0.1037182790469551 0.040875602246334145
0.10203590204553761 0.041291261605495608
0.10371842018655521 0.044001296927054928
0.10203608606606364 0.044417153502324697
0.10371873283752731 0.047224743871200389
0.10203683970000635 0.047658516935986647
0.10371850713256131 0.050577377242334826
0.10203567172006703 0.05105163626199466
0.10371789029512171 0.05410076246117422
0.10203529436028366 0.054639587225156473
0.10371763209715582 0.057839689857511853
0.10203511762071357 0.058474199667671423
0.10371748005686274 0.061851807879032009
0.10203503592093523 0.062621849144881614
0.10371747903635661 0.066210723302302446
0.10203503592418231 0.067168807180451873
0.10371747903232786 0.07101311932328723
0.10203503592867963 0.0722312594806752
0.10371747902742666 0.076390307851406852
0.10203503593496766 0.077970845756504897
0.10371747902137166 0.082527052671886855
0.10203503594393462 0.084622139117480011
0.10371747901375142 0.089695020545022555
0.10203503595713263 0.092543757358180975
0.10371747900394185 0.098316252689362296
0.10203503597751677 0.10232286173811053
0.10371747899095282 0.10909606394706547
0.1020350360114496 0.11501846279679016
0.1037174789731258 0.12334203576913229
0.10203503607556005 0.13285142351363172
0.10371747894754367 0.14390603737276517
0.10203503623179749 0.1619750080756375
0.10371747890935269 0.17918760992392599
0.10203503706769947 0.23988362112524064
0.20255930996140553 0.28628888304909117
0.26760891387226854 0.22411008311804284
0.27205915967934902 0.18629807944469068
0.26277775315602181 0.17545436248242921
0.29940782739272842 0.19879697010187122
0.35754792678735325 0.14763972369742659
0.35178010437270363 0.089508854835632451
0.33930886285976203 0.059806296390407354
0.3316718537181067 0.026360023649632629
0.29175351973136676 -0.0013406841876078615
0.2660956412115254 0.014211788583413286
0.25984967204027648 0.021274276972201557
0.2660314622414694 0.029460982531645086
0.26225211120347525 0.025822632974912642
0.28028208241386232 0.041376135667001712
0.29429422642547426 0.030940610195175161
0.36178401289765383 0.03715323996954159
0.39390846257809004 -0.11415386448280651
0.25602239828464496 -0.15255639262170495
0.23866095224527911 -0.11536889291137216
0.20619943452156914 -0.12098178183545036
0.20425881363615206 -0.11309363192874636
0.15976719902221403 -0.13451199517561943
0.12808986224356778 -0.09155803502264151
0.13029853764447769 -0.075640602862531547
0.12590771510133753 -0.060520842586981066
0.12591930036240701 -0.052571739122098102
0.12672422051905952 -0.043575618877512379
0.12593480961031683 -0.042241386047822183
0.12481773445426238 -0.034915603083205973
0.12861501939441364 -0.035609049693083747
0.12435204851124015 -0.042531101604235191
0.10632281122540135 -0.041063534002362054
0.10203503586957854 -0.023588229758313109
0.10371747869024092 -0.019996086054994519
0.10203503590495422 -0.011772635910069496
0.10371747884674638 -0.0095548287911729896
0.10203503591438172 -0.0036992537725638874
0.10371747891729612 -0.0018092733499232572
0.10203503591697308 0.0027861726835440997
0.10371747895713464 0.0045412135795529773
0.10203503591692353 0.0083059406428702201
0.10371747898240506 0.010004087040660678
0.10203503591570218 0.013164562800089416
0.10371747904101729 0.014847275122247171
0.10203503611121355 0.017542938879520534
0.10371747935682471 0.019235785587548501
0.10203503651307237 0.021560707872466431
0.10371748001085154 0.023281192640482312
0.1020350374600538 0.025302776527233464
0.10371748131422706 0.027063970457092509
0.10203503913197844 0.028832655822661896
0.10371748362429399 0.030645153398737579
0.10203504205765976 0.032200022041868934
0.10371748738704657 0.034073386554739765
0.10203618293200123 0.035446138286267637
0.10372069917032663 0.037387115388132691
0.10203858980295546 0.038599645011033967
0.10372157125870211 0.040618414400483707
0.10204006246135081 0.041694775763726585
0.10372472970887231 0.04379984343825849
0.1020464513643962 0.044752253895764788
0.1037228751442883 0.046946466955250371
0.10203830021555431 0.047803825855498402
0.10371960323845512 0.05010755479479298
0.10203650273187591 0.05087456720413823
0.10371850351303587 0.05329543554644886
0.10203585198425308 0.053985672312118899
0.10371823763831436 0.056536993013601072
0.10203589802254059 0.057162758841908953
0.10371857682535189 0.059860391237890068
0.10203660219123449 0.060433761482375253
0.10371982329777402 0.063296918126681145
0.10203973111063727 0.06382923701830133
0.10372158675173161 0.066877266625948159
0.10203770915451055 0.067383881442823132
0.10371947415591583 0.070651308229346552
0.1020365549229445 0.071146921921740769
0.10371861727641238 0.074666781252087575
0.10203585062102349 0.075168408492405303
0.10371771202426812 0.0789860983864865
0.10203503585685225 0.079515805945430382
0.10371747904467027 0.083690353132120879
0.10203503585011003 0.084274706404777064
0.10371747904268551 0.088884370808790608
0.10203503584221461 0.089559963756064315
0.10371747904017097 0.094712319473112427
0.10203503583279888 0.095529530168775287
0.10371747903696311 0.10137679222064298
0.10203503582131199 0.10240853838061328
0.1037174790327921 0.10917562111700484
0.10203503580688666 0.11053322784496755
0.10371747902717793 0.11857126438816978
0.10203503578804378 0.12043653239237948
0.10371747901917078 0.13033575845165946
0.10203503576198972 0.13303488374443062
0.10371747900657824 0.14589763650149232
0.10203503572255859 0.15011009835904726
0.10371747898297924 0.16836222883325835
0.10203503565206665 0.17597371599800699
0.10371747892026237 0.20682144778287784
0.10203503545495679 0.22996933981375961
0.13883925465613278 0.32236413061582803
0.27727929181768729 0.29910010947542798
0.26459172845178935 0.22504759072692318
0.28998779512419948 0.25346095400433721
0.32137616183217277 0.2147505383393202
0.3587390655399989 0.24213989505207623
0.47332093103282502 0.15013393936201946
0.41758384296468565 0.0095078090604233251
0.33500566227773948 -0.011568935565417812
0.2791103057449057 0.0039951888331636251
0.28159329602780664 0.040058788769581716
0.28651202158472072 0.023150453361326206
0.275457295434266 0.029218695714821441
0.27171367882591974 0.02740181645604417
0.28122355345819539 0.047591443222948525
0.29870909929252742 0.031568321900200216
0.3301136374367587 0.058598266281826739
0.42137466957643999 -0.046052934838521992
0.30229109547755739 -0.15604584846495892
0.24776943307031005 -0.10062716302888441
0.2388501190059284 -0.115121618952657
0.22111366710739644 -0.10519448346847253
0.19869699027462165 -0.14215585665065045
0.12901053545038749 -0.11575317263546021
0.12949211870031208 -0.074094822599400062
0.12739396463123479 -0.061055488219020709
0.12991882858767251 -0.050086699863998274
0.12546227303778795 -0.044216509684045183
0.12598169703354387 -0.036036945992376987
0.12403321002610732 -0.032984965198879918
0.12316946522034787 -0.027581621175262014
0.12438121257587967 -0.02921161704141631
0.11178747264870321 -0.032549818399087785
0.10203503649604807 -0.018124370412072363
0.10371747905593463 -0.010834354524434167
0.1020350362777684 -0.0034063174163607296
0.10371747910462199 0.0001642062409712014
0.10203503621369783 0.0057547275780102658
0.10371747911860171 0.0083903917987168952
0.10203503617971713 0.013002404438236859
0.10371747912302137 0.015160448286868494
0.10203503615807999 0.019131776502935322
0.10371747912397766 0.02099448904586565
0.102035036143071 0.024505052144159684
0.10371747912352036 0.026170064519023678
0.10203503799770866 0.029331830302552292
0.10371748474587519 0.030859463217830924
0.10203504516425627 0.033749000452506228
0.10371749122660165 0.035179816644360623
0.1020350509917303 0.037852974658080685
0.10371749651369061 0.039215907733154379
0.10203505582423342 0.041715436687979418
0.1037175009517845 0.043032126327675391
0.10203505968406168 0.045392098859455415
0.10371750444094441 0.046679488179814987
0.10203506454804928 0.048928338577142072
0.10371851241635621 0.050200787372042255
0.10203779866706852 0.052361285505911903
0.10372193300091981 0.053628197579753678
0.10204124477636212 0.05572087739499787
0.10372576874874051 0.056993845256348097
0.10204725331119047 0.059038124129604963
0.10373466888827294 0.060323121727880999
0.10205446908190435 0.062331187739435412
0.1037380705503133 0.063639805280822137
0.10205614985784375 0.065633882510611155
0.10373862676727652 0.066976971402667645
0.10205591951338956 0.068973238289791169
0.10373775741863067 0.070361081135962622
0.1020545893924332 0.072376178642984984
0.10373607105090327 0.073820298974742765
0.10205266841916757 0.075871659159487709
0.10373408512836071 0.077385458015145153
0.10205122066246267 0.079491700195921347
0.10373291961912257 0.081088465148195565
0.102044132017023 0.083269131816638531
0.10372348363748585 0.08497861556863362
0.10203891476736149 0.087261233454761777
0.10371984965804215 0.089101641040758794
0.10203632249894523 0.091511229419836027
0.10371793760023573 0.093516076324086539
0.10203503616893715 0.096085720516395218
0.10371747910283095 0.098299293503479962
0.10203503618288355 0.10106895941893444
0.10371747910088018 0.1035516531251523
0.10203503619953097 0.10657305114866722
0.10371747909825534 0.10941048317919516
0.10203503621963626 0.1127502274739747
0.10371747909457216 0.1160668363609898
0.10203503624431673 0.11981398810292126
0.10371747908918033 0.12379885372795155
0.10203503627530948 0.12807697532149412
0.1037174790809051 0.13303336265862192
0.10203503631549292 0.13802156637551072
0.10371747906744751 0.14447221341463387
0.10203503637008637 0.15044474975498318
0.10371747904372242 0.15938794180933125
0.10203503644984141 0.16679608907986349
0.10371747899611061 0.18046913946414067
0.10203503658168755 0.19013461928954928
0.10371747887281058 0.21526625710564723
0.10203503686084317 0.22894354857197169
0.10371747817780338 0.31138859770434052
0.23280891024286557 0.3343613994465307
0.23709278277042869 0.26325153385156697
0.26657636905205884 0.31498213663507146
0.32006064349391095 0.26999888336826405
0.36219127771380966 0.31761100495899819
0.52702888852861052 0.20628635164198336
0.45350214041909603 0.028036067983851831
0.3646246867410845 0.015688442365112701
0.32291362512881638 0.017090134330967469
0.30280161336973904 0.029452079602413056
0.29894222630092371 0.03490185128389206
0.29792130322123211 0.021850764706217302
0.27555239788619684 0.019324345026077508
0.26830615481265607 0.03155493875303924
0.27430707870238813 0.051648455832621717
0.31138934672634999 0.061779767255518578
0.38214253534828746 0.026752675981030496
0.37216186679166713 -0.11124298985066951
0.24802095088405171 -0.12199980119911626
0.23776488147323177 -0.0899150156384034
0.21393365023620872 -0.085747397345294615
0.22201860089837744 -0.10493159696033105
0.14264049678694685 -0.11787465912853531
0.1348040063790335 -0.056828471329696151
0.13064539059595978 -0.055865172452702769
0.13288410984445403 -0.030048334153700826
0.1320699480792184 -0.03624305304318657
0.12653502530290403 -0.024564011515887343
0.11937090309014615 -0.020696405548777261
0.12386920546391855 -0.0076003313579136034
0.12270452376812474 -0.010463687463321963
0.12445396332231171 -0.01160402130360802
0.10203503575807035 -0.013985530569862237
0.10371747909863194 0.0094272806698612877
0.10203503567615274 0.0070745529513293048
0.1037174790259035 0.020410158313259708
0.10203503567547832 0.018060560450259014
0.10371747899752114 0.028724084248420795
0.10203503568572167 0.026389145440644385
0.10371747898361995 0.035618609493412612
0.10203503569821837 0.033307874160442612
0.10371747897578883 0.041596661445864089
0.10203503571072274 0.039316334107743378
0.10371747897080139 0.046930066424698394
0.10203503718884367 0.044684215396240061
0.10371750201266514 0.051789386576342827
0.10203511463214694 0.049581034598310154
0.10371765424262855 0.056292062237638454
0.10203534979223979 0.054124096738641082
0.1037179843331411 0.06052509280575287
0.10203580821630784 0.058401543750758816
0.10371856084216176 0.064558369408123151
0.10203653405236222 0.062487553139129681
0.10371950165413769 0.068457457830681495
0.10203765491158069 0.066477032604062583
0.10380648295555496 0.07233735886512907
0.10220156106986886 0.070335988205941113
0.10394312330423751 0.076044988949714384
0.10235354245817613 0.074144378803730843
0.10420950946730723 0.079909029816363872
0.10320707754368352 0.07800108698669439
0.10524218845550631 0.082644776704764028
0.10304441810417249 0.080358373938824709
0.10459508468752986 0.085873131034957972
0.10284220178580109 0.083960680027523521
0.10448907875276274 0.089370405437435574
0.10278996932175388 0.087545728414725008
0.10446626332275155 0.092922906055143126
0.10279283570555166 0.091182389038657746
0.10449796536185413 0.09655250258096626
0.10285677630290423 0.094908748429071987
0.10461438882521802 0.10027405634488702
0.10309417264481494 0.098798202844312039
0.1052667610135218 0.10376628825675159
0.10299553371568015 0.10164128985763701
0.10435532699753758 0.10743213202525635
0.10248962981141384 0.10597870945935332
0.10404136109193558 0.11183960050490621
0.10226325906044467 0.11055630936134722
0.10387181019597705 0.11651916047414018
0.10204434218751826 0.11541768538321756
0.10371747885529163 0.1217015941586788
0.1020350358589464 0.12075982711469709
0.10371747883886651 0.12722861219413392
0.10203503586775056 0.12651272577372868
0.10371747881968797 0.13330666856772305
0.1020350358780512 0.13289472174153988
0.10371747879704149 0.14013509321525885
0.10203503589051942 0.14012925729460723
0.10371747876994149 0.14797764203988256
0.10203503590623912 0.14852857970960626
0.10371747873700209 0.15722407846340247
0.10203503592707237 0.15856862900800034
0.10371747869625673 0.16849509775775406
0.1020350359565288 0.17103327817184352
0.10371747864499432 0.18287178296546475
0.10203503600207678 0.18734873368074273
0.10371747858033716 0.20250359025915143
0.10203503608282456 0.21053250583612715
0.10371747850757582 0.23282056444056365
0.10203503626617827 0.24899492715583096
0.10371747861310071 0.3012663483237793
0.16239283126874299 0.3538984060950715
0.23813553218567057 0.34586134556416614
0.26138209302468046 0.33026847861438008
0.31678027058434688 0.35013893804375379
0.40092267288122513 0.33257973631318272
0.52240201724613777 0.25183181800479842
0.51300888269870237 0.032501170982744965
0.33067793379739618 -0.015610722943660296
0.28692834756658575 0.057831908123531575
0.29146062421954505 0.071324252734281404
0.29782231747596027 0.073504969389187616
0.29305584996844164 0.054798207866371698
0.26966435062506394 0.054433473382046543
0.25992855768618628 0.073989666242160065
0.27565083333859119 0.097087618366385492
0.31252138272387447 0.10124214159040987
0.36338837728504575 0.082198453798688703
0.40993509085719071 -0.0036192100369355912
0.3492253660839601 -0.11331321301329142
0.24447431114430976 -0.11591663942052219
0.21681014137973215 -0.073311074978547192
0.21474530193893732 -0.084209174227594441
0.16323576258249725 -0.091176579995009166
0.13305708110540782 -0.05285952743036753
0.13077514803392665 -0.029026645052265501
0.12986973716455269 -0.014319074438132018
0.12897064828547541 -0.0037822513891593856
0.13173114982284354 0.0024478130660934294
0.12730850388658799 0.0032383861171341038
0.12058520161532281 0.0094684432745046204
0.1194620745994672 0.022347845874292227
0.13012988244076906 0.017367625589516406
0.10945654790651689 0.010880406610745103
0.10371747909516674 0.029287182798000716
0.10203503557997121 0.034543900321690885
0.10371747923824828 0.044308850275610143
0.10203503564317187 0.04630708244361216
0.10371747925821838 0.054058450900556609
0.10203503567183557 0.055170888976389054
0.1037174792582149 0.061946795593481707
0.1020350356882516 0.062553571026489285
0.10371747925211247 0.068740385020888986
0.10203503569869976 0.069003159206004985
0.10371747924387457 0.074797342974591535
0.10203534299444386 0.07481343692960496
0.10372465870063849 0.080335342377029009
0.10205188186968965 0.080161633481037053
0.10374403555992526 0.08547748822934649
0.10207182158373984 0.085162621555302367
0.10376509357121336 0.090333125793625263
0.10209387367806329 0.089918996403159965
0.10378810834059224 0.094992225720644238
0.10211976812096096 0.094519569724639166
0.10381573819194576 0.099543896024093165
0.10214988391357975 0.099068596224849481
0.1038650892654045 0.10416668492028394
0.10241730786430887 0.10381219775307179
0.10441629317815596 0.10878005523152207
0.10309055748891177 0.10825174834149141
0.10518911692468699 0.1130886648899541
0.10403982047766872 0.11240785361590265
0.10619999166905857 0.11683232269947011
0.10470930403626064 0.11591144418926154
0.10663620057091687 0.12049629677724011
0.10522769866728664 0.11971641842985953
0.10718085639866128 0.12425476287430207
0.10579568575910113 0.12356109935982483
0.10781592851435504 0.12807005030143015
0.10648315245615494 0.12747951884287798
0.10863910124730883 0.13196327436966027
0.10746829895114041 0.13153102013254725
0.10994687231494996 0.13591599379064748
0.10941400502950248 0.13600138874744305
0.11458860171381308 0.13870467008273998
0.11210047111295002 0.13353095704149309
0.11091422588066557 0.13715070251736192
0.10788177914498223 0.13686567533853594
0.10860351956914424 0.1415350863111855
0.10611563996002189 0.14140199550940363
0.10708302765588094 0.14568271526100679
0.10323942212308634 0.1457121202144866
0.10371747908507731 0.15239741506857904
0.10203503564077133 0.15388537169638011
0.10371747907365247 0.15967150456700435
0.10203503562623026 0.160965409906142
0.10371747906090453 0.16668036839267139
0.10203503560901359 0.1683623246999417
0.10371747904640224 0.17418072197513751
0.10203503558835147 0.17649659879701862
0.10371747902950257 0.18253346373459728
0.10203503556310323 0.18575888667668661
0.10371747900918396 0.19214223114522866
0.10203503553148299 0.19667435144225281
0.10371747898367131 0.203588873945106
0.10203503549047394 0.21007377106970643
0.10371747894950972 0.21783131304437542
0.10203503543437771 0.2274474657985632
0.10371747889877195 0.23666106771762577
0.10203503535031455 0.25192650580828746
0.10371747880788182 0.26411934427894002
0.10203503519743473 0.29215768753088767
0.10371747854995697 0.31457257509697034
0.11654126570823453 0.39941580607068927
0.23411178755863724 0.42098123286458355
0.26469359348373134 0.39775730175682245
0.35231279411222993 0.40923306689542427
0.41623421165734548 0.35990118304413166
0.53632149374288796 0.29397526436839572
0.52558356018151853 0.061294508386985219
0.34450075405593467 0.014389476584201137
0.28812113702732756 0.069166324951395283
0.27171204941976534 0.094299033306150859
0.26874491776960674 0.11368325322693533
0.2786862108603233 0.12016085116126012
0.27864242144394336 0.11318274819359628
0.27593854534310203 0.11620969213695839
0.28179325772400426 0.12359884518507147
0.29884456314512126 0.12078827757811456
0.32244402708854653 0.12959434262282349
0.39877763511731423 0.068405995309369583
0.33457697099452038 -0.046221337573056104
0.2667287936043925 -0.025341132890900231
0.25288969752063273 -0.037322947813736726
0.22137213110502457 -0.043289823223755935
0.17670830188646364 -0.058541247014623377
0.12425499234349072 -0.01861750868189313
0.12403830337582801 0.018762503490332233
0.12731137526159469 0.036231099238560105
0.12719260989097173 0.045091639738431943
0.12906765121101585 0.056012796388840283
0.12953873669044033 0.059631345359840895
0.13248279341078512 0.061460879217679315
0.12186551608640653 0.061061712191844156
0.1254404908644855 0.068493219535563615
0.11051981405640923 0.061177611979312929
0.10371747939157497 0.081157708776469495
0.10203503613756859 0.084643317757113007
0.10371747945557783 0.097860966340182001
0.10203503613596043 0.097335554756765003
0.10371747945178376 0.10883911939001208
0.10203503612276173 0.10725442051354409
0.10371747943879055 0.11792602437660521
0.10203503610761371 0.11578023893267762
0.10371747942468357 0.12597929587980961
0.10203503609292278 0.1235011051040609
0.10371747941141937 0.13343557358594871
0.10203503607932515 0.13094232063362049
0.10432517808962165 0.14078618711114438
0.10271524811480462 0.13731429504682571
0.10437803610666793 0.1470814065007576
0.10267560455369876 0.14374889526016024
0.10433961514123505 0.15378037529436422
0.1026416679637073 0.15042957647085892
0.10430261653934411 0.16104179598979826
0.1026050514356695 0.15772472365082885
0.10427132578169664 0.1699246065729223
0.10257133789905085 0.16676652927330396
0.10424022571325006 0.18761675386937701
0.12335055106061163 0.18516427706684477
0.12601532736855048 0.17949526748096628
0.12498918704612144 0.17698551268766455
0.12794692577383954 0.17935131442058938
0.12921666695886364 0.18031841054099707
0.14406092041287519 0.17558158427493753
0.13078680416981936 0.15663688395621433
0.12450345367895602 0.1666878337985
0.11861580019589904 0.16212997153924846
0.1173869869154494 0.17215089827598939
0.11330999774013481 0.16822298096829646
0.11334341153684691 0.178139910478471
0.10999923352566462 0.17428664828398424
0.11050334520639139 0.18425783598847534
0.10762108269897283 0.18048204105540144
0.10838988324497834 0.19050865893140895
0.10578003351730109 0.18680931403228318
0.1067154108898183 0.19693941534875947
0.10423997335615887 0.19333504895411224
0.10525963647515604 0.20376090581355891
0.10310750128092136 0.20040681355531684
0.10441676300262989 0.2109457426738558
0.10246193975227649 0.20764310816872453
0.10393537300196815 0.21830500725846885
0.10209674408035527 0.21508712552600992
0.10371747933300188 0.22595231859581014
0.10203503593403218 0.22280710784845639
0.10371747933476283 0.23380734217195476
0.10203503592545402 0.23081260261378328
0.10371747933704452 0.24209998712340203
0.10203503591555393 0.23940065078575079
0.10371747933979808 0.25108031399742581
0.102035035903739 0.24882912781521296
0.10371747934288353 0.26102233137961983
0.10203503588906512 0.25943193290191957
0.10371747934595046 0.27230174579819766
0.10203503586992604 0.27170008491938358
0.10371747934814959 0.28548781792436412
0.10203503584334556 0.28642730362538832
0.10371747934735376 0.30152353633240592
0.10203503580312503 0.30504129084448584
0.10371747933774451 0.3221503613764255
0.10203503573388578 0.33053570889578182
0.10371747930052926 0.35114149316225868
0.1020350355836389 0.37117038711478745
0.10371747915201339 0.39937903294165905
0.10203503495070451 0.47626799633480199
0.2306357193800859 0.53606473469416271
0.28740767157010716 0.47023760227291589
0.33491995125847851 0.49404656755955351
0.43047767048684649 0.43127135053241106
0.46737170807595663 0.3478813066110692
0.45876451472691188 0.23869605010134237
0.39333686368561127 0.18467134523198656
0.33316520412235606 0.17094930775218523
0.30704520998933998 0.19402568080016108
0.29446687429417667 0.1882888563358914
0.28266182901570458 0.20110200933868
0.26846738663064623 0.19864800654951267
0.26839688623142338 0.22782245624144937
0.28016671864739412 0.22643275178976416
0.29766035145908076 0.24166942934033836
0.31845970901810555 0.23393011478390838
0.38364684993879833 0.23178145918281934
0.40841489021668914 0.10659914298928001
0.3273665322443004 0.062135244006867207
0.28694917967500577 0.041297774984514576
0.23570891028786967 0.047791305887625452
0.20713662854116166 0.033380607795716333
0.13454781953772929 0.058282162309816907
0.12554218396277361 0.11217865541351796
0.13038874681380938 0.13536446098892174
0.13410616815926416 0.14554249871656735
0.13210789795251543 0.15430972125696124
0.12612585336118587 0.16054291875368296
0.12798944929467906 0.17506735930534664
0.12494906878489598 0.17207191007443162
0.12216934613303929 0.18669886862889465
0.12122324135903195 0.17869094427439544
0.10371747980268968 0.19144578403313381
0.10203503621672087 0.2043372277432241
0.10371747936046401 0.21725671641372485
0.10203503614262077 0.22049359319533068
0.10371747927752845 0.23355529253014701
0.10203503610944784 0.23418441656157871
0.10371747924599554 0.24748837822932415
0.10203503609025068 0.24673557847724639
0.10371747923133488 0.26038877605225585
0.10203503607767117 0.25878825548686285
0.10371747922414876 0.27294786797935944
0.10203503606884401 0.2709362675745941
0.10391841359429507 0.28616289429779979
0.10340797864697807 0.28411903777180114
0.10639090400024355 0.29904610505473672
0.10605192159157031 0.29579691751398762
0.10907336959496391 0.3107788886809959
0.10877033809632082 0.30690011173574494
0.11187874183085768 0.32214728383012303
0.11156314771797625 0.31778270592261781
0.11473098986098182 0.33357514945836575
0.11454315643755375 0.32892995861586294
0.11768430781146486 0.34556652018232437
0.11808130677678168 0.34166852452632496
0.12329793286436466 0.35938339217521742
0.12584012348045509 0.35393535210447274
0.13188293886675609 0.37038941256603075
0.13534011851845398 0.36352853436385857
0.14298481805047392 0.37672219547932018
0.14151858698488851 0.36485599742137698
0.1437956200380659 0.38261220562327225
0.14392946075677099 0.37446336379103395
0.14864663719058355 0.39369711333831081
0.15001761701158997 0.38451218594223868
0.15584527268509851 0.40514052275169787
0.15876367476268277 0.39459833462772775
0.16596359700106955 0.4170610993574998
0.17154593554116976 0.40467043096218513
0.18205418006436819 0.43008248887619782
0.19345923301916224 0.41337074981158012
0.21770920919033043 0.44922279883027338
0.27749686477365043 0.38473812232112059
0.2300260396554426 0.33510302879670223
0.19809926090948385 0.33442484360490959
0.18314677793332912 0.34537402508534942
0.16894347756056377 0.33971262152583248
0.16099604909312282 0.35630055877978373
0.15055188327739799 0.33448792782747122
0.1090012168735414 0.35559500469711258
0.10203503609325557 0.38227157813219459
0.10371747933346928 0.40665488656508242
0.102035036104273 0.41311613044410245
0.10371747935114711 0.43544715762122421
0.10203503611775433 0.43740671315136598
0.10371747937218596 0.46017053165864941
0.10203503613449778 0.46021296756594665
0.1037174793976819 0.48402279243093604
0.10203503615571444 0.48318939062906063
0.10371747942928888 0.50845802163751963
0.10203503618333956 0.50740569006421277
0.10371747946963758 0.53459168709622995
0.10203503622067547 0.53393924737233001
0.10371747952321501 0.56371334933428208
0.10203503627387753 0.56430422258800861
0.10371747959844156 0.59784727628279444
0.10203503635592259 0.60126631003667064
0.10371747971344544 0.64110700445051061
0.10203503649968944 0.65162068069999146
0.10371747991718229 0.7051443013903973
0.10203503681396811 0.74858186389759518
0.17080063058120479 0.86452308610088235
0.30367337949902162 0.84907613621470324
0.37142548557768501 0.82526158790085347
0.45591278696575005 0.75123714306836786
0.45470416552815296 0.65402052483775175
0.41854523422577805 0.61523455677849492
0.42419734841983636 0.57535390513458018
0.34003876788423781 0.5219838596934876
0.30509289082953917 0.58245578192120961
0.29713784827100836 0.58015864369072112
0.29889302158099945 0.61146757893220971
0.27936038686248216 0.59610852521886781
0.28383518808592156 0.64662422639911832
0.2823475035855183 0.62637329572438061
0.28536196408339615 0.67797679493523633
0.29823229440813143 0.67283291076485618
0.37005264088240103 0.72560452127303132
0.42588522139113433 0.56729792676804092
0.28153479460362812 0.53347335782718242
0.23478301359894027 0.58303056988528468
0.22785958914403792 0.62752862205071136
0.21592849245121531 0.60973514616589086
0.16420452718419648 0.64272017095024503
0.1300538294167789 0.68063117137658491
0.1344357283965518 0.75233001958983936
0.13203078989654726 0.75936624317820833
0.13389494519556686 0.8203168193581315
0.12990205139153393 0.81990803627471576
0.12942682656588067 0.88417184341243282
0.12262186354047233 0.88001518190675521
0.11867680447826914 0.95932697006154943
0.12870442604688193 0.95030567328032478
0.10535690307825013 1.0183154126077514
0.10203503567539315 1.039218843604393
0.10371747857040248 1.1226150834769471
0.10203503570903927 1.1340948923156153
0.10371747867371289 1.2293734394686171
0.10203503573000766 1.2417205494831354
0.10371747872728326 1.3537069290356052
0.1020350357450045 1.3707287577563032
0.10371747876231621 1.5084496437515835
0.10203503575649842 1.53640029777912
0.10371747878771143 1.7239085141659123
0.10203503576563522 1.7953394498825173
0.19136610149876884 2.1858358195178456
0.627993096991314 2.158562365113049
0.63749513299344651 2.0177792828883652
0.64659159391131538 2.0369585403016637
0.65819868715917218 2.1034838858887484
0.66538398473970872 2.1513896175203255
0.68034658107473511 2.301102320749306
0.6902941963069682 2.3935071138196364
0.70454952393095249 2.6418771795005278
0.71731417387995033 2.8516018219448878
0.73410108958448816 3.3876843405862891
1.2302418848926808 4.2007443834344516
2.6540402499364983 4.3319128878249966
2.8695723912196192 3.4652618376845075
3.1647860137189827 3.9405344035720242
3.6221206089946989 3.5329442734741292
4.6141654578439706 4.6912487328790675
7.4316549202904021 2.3507179438389318
5.3486548987635576 -0.16296988761714784
4.6313328644744312 0.50079181256670235
4.3085638610139174 0.089284290865750932
4.1435680291169845 0.3647933956053856
4.0437070456753794 0.14058863396205909
4.0350997349730662 0.31301828609935012
4.0628425208326417 0.16753730033284531
4.1768588921531391 0.27601675267700249
4.3334681121082141 0.18479224795208701
4.6471848389597916 0.23739295866304091
5.1453601447278476 0.266641819135229
6.6190409562065824 -0.31268245993661647
6.748765620339368 -2.7675516421172781
5.1045179268768583 -3.6582096023031028
4.4773093787253204 -3.5860138181951609
4.0931751629730995 -3.8683921985607701
3.8033241358736243 -4.0777816280895216
3.5854315659386797 -5.050273083096295
1.6499188271400818 -5.8704093062371907
0.10203503578260315 -4.5397814133326442
0.10371747882274561 -3.531508453843605
0.10203503577675152 -3.0624218039991353
0.10371747880698282 -2.7457041182485669
0.10203503576945114 -2.458785012441659
0.10371747878703891 -2.287559873261003
0.10203503576024686 -2.0809921162714442
0.10371747876136182 -1.9722078744491021
0.10203503574843319 -1.8109196680337918
0.103717478727436 -1.7356659554540863
0.10203503573285877 -1.6033014827442149
0.10371747868088722 -1.5479213285710105
0.10203503571149317 -1.435434456463391
0.10371747861339922 -1.392082236710261
0.10203503568038519 -1.2938026833690293
0.10371747850692645 -1.2569200982402196
0.10203503563063412 -1.1687716415562028
0.10371747831372091 -1.1327718283413573
0.1020350355368836 -1.0509228257519432
0.10371747785413428 -1.0054203748601678
0.10203503527692587 -0.92148624709960514
0.11576326216847613 -0.80718576285573096
0.2786797469953603 -0.72162500327318102
0.3376095665469952 -0.79954438625249158
0.3893024259202707 -0.79487351850556853
0.36622211773816016 -0.87219343677617678
0.39061479622094797 -0.79860614456583123
0.43828824256944837 -0.92141735860814933
0.33150140058474881 -0.93031548404089637
0.29824728203918088 -0.91198885383810513
0.26528391734581486 -0.86058862400033442
0.26358147226295431 -0.84045736474481192
0.25684594150435081 -0.79241561093716861
0.27320570086007911 -0.77274058774338339
0.29869363139589644 -0.74899102421198038
0.29578858849513767 -0.77098575631679411
0.27759141234213641 -0.71782692932484726
0.35294901147958579 -0.66257791564856072
0.48445795902147581 -0.75951694344139242
0.36539468379133178 -0.91655250080086925
0.29437153523744836 -0.83918089440931265
0.28013135805664474 -0.88203453714047875
0.22207740764641526 -0.84265864696820691
0.19600953595840379 -0.85837450153601014
0.13529599886064825 -0.79983066305134554
0.13645654068924712 -0.76887135591650158
0.12841944170301889 -0.72973388954821328
0.12163540377249701 -0.72095854523640335
0.1219372364287036 -0.6738354972398356
0.12993337006825009 -0.68156580550451884
0.12008147446311444 -0.64936848230653155
0.11937071673878025 -0.65133378936041009
0.11888459502551739 -0.61173744905795657
0.1314401713614666 -0.63224473447105711
0.10203503587240638 -0.60897621259085866
0.10371747922747626 -0.59549656486414548
0.10203503595727277 -0.5691176818493322
0.10371747921382496 -0.56834128657693284
0.10203503596538291 -0.5422262827992842
0.10371747920050067 -0.54441939763500091
0.10203503596413062 -0.51887637269840992
0.10371747918823071 -0.52247125063058109
0.10203503596055183 -0.49748440310589342
0.10371747917709576 -0.50183706239595172
0.10203503595636426 -0.47726139023985836
0.10371747916697831 -0.48181365088726313
0.102494947835923 -0.45706243312161166
0.10541306785446583 -0.46188048037509066
0.10498958719959448 -0.43844962087621409
0.10792139800479779 -0.44422932121384107
0.10749314595615847 -0.42152871804136866
0.11042055742230242 -0.42776221471151032
0.1100535789527234 -0.40555513303351032
0.1130106907576488 -0.41215377716844526
0.11258563734457278 -0.39022702828352163
0.11567660255160447 -0.39687383956480965
0.11524379867580886 -0.37490653157133008
0.1190424591399885 -0.38082350821111832
0.12027230075677428 -0.35902770281744667
0.12540021091991016 -0.3660383162054105
0.127287255216149 -0.34550694434357604
0.13355393260338949 -0.35350306211076954
0.13647996409262922 -0.3366131143225084
0.13832069112803563 -0.34764354631852773
0.13824508486391973 -0.32697517657800135
0.14227183459467363 -0.33597925149240743
0.14367565287029435 -0.31536451096778262
0.14856595096561359 -0.32483425642976582
0.15120958310905663 -0.30377360683820048
0.15734838244176494 -0.31423090738236042
0.16175053787431615 -0.29216361218313192
0.17036581333585274 -0.30428870249455808
0.17865410965527001 -0.28012875829363448
0.19400501544589976 -0.29626813553986675
0.2193678520269049 -0.26787664032619785
0.27007101768717989 -0.34010419697053851
0.21051247935559478 -0.37844844665136457
0.18991249346279215 -0.37201860260311737
0.17473464231322078 -0.36547682024894662
0.16568759374346545 -0.37049273538538785
0.15479995081971054 -0.36121812370854989
0.14143237761048205 -0.37964551539197111
0.10203503588451517 -0.35536438129879533
0.10371747901132555 -0.33193789362822568
0.10203503587845338 -0.31434736285584214
0.10371747899635744 -0.30859987994308807
0.10203503587142067 -0.29206393836099442
0.10371747897856635 -0.2901857300192911
0.10203503586307176 -0.2737640993245789
0.10371747895683235 -0.27344696328830093
0.10203503585288647 -0.25671514950230695
0.10371747892937289 -0.25700675105332738
0.10203503584003512 -0.23961845012739227
0.10371747889314781 -0.2398905824275919
0.10203503582310217 -0.22142674826662131
0.10371747884250281 -0.22104463578840094
0.1020350357994436 -0.20086814662986191
0.10371747876557391 -0.19889322625911612
0.10203503576346881 -0.17586540749144847
0.10371747863250612 -0.17038340844203309
0.1020350357009184 -0.14206933532966226
0.10371747834008441 -0.12744805428761963
0.10203503556140212 -0.086857092553220008
0.10371747706580359 -0.024773643914796695
0.21036171588879921 0.072592669896043432
0.33144502631600126 0.013437591679399979
0.38245453466526924 -0.0044115607516630323
0.47910640328357268 -0.10521620356455251
0.44165640386152538 -0.20313223860353841
0.43428350029640739 -0.24938581810555807
0.3857776117664683 -0.31390648796816101
0.32095296534274187 -0.31874512624870455
0.29383862254091264 -0.28980009925286992
0.29881550682928165 -0.28246500326558099
0.29441634570182051 -0.28636859958113775
0.28206365348034218 -0.28782566545060462
0.28481837207379018 -0.27262289557682606
0.28855794877100766 -0.28276047218695016
0.28905094208827631 -0.26408049977290615
0.32411007738193465 -0.26159511710847094
0.38437821415860657 -0.2883697636592466
0.39160678219021955 -0.41821043793242563
0.2651614449062818 -0.45973443524480834
0.22311178153732406 -0.40417223441712591
0.23387247883900869 -0.39910339928051475
0.20511334711805132 -0.43188415029234378
0.14501118813728067 -0.4113760461344641
0.13194845597910082 -0.37197475640060412
0.13303329759480778 -0.34921421598221225
0.13347845281571291 -0.34058654230609298
0.13305819520777304 -0.32720054705852614
0.13332401680080702 -0.32769448457102923
0.12761039571844535 -0.31901595052044052
0.12083131578720302 -0.31823508639414999
0.11945425642540605 -0.2989014480033097
0.12573170641692455 -0.31103786697359248
0.10203503688857379 -0.30210662898818336
0.10371747941810508 -0.28741906904107128
0.10203503632553168 -0.27784016837869419
0.10371747935347317 -0.27331537893912572
0.1020350362026741 -0.26403753786589923
0.10371747931859585 -0.26195875390414364
0.10203503614750607 -0.2529405008387286
0.10371747929532635 -0.25207878726528032
0.1020350361160425 -0.24323751254396536
0.1037174792780948 -0.24310986001872489
0.10203503609580203 -0.23435489965318718
0.10371747926452672 -0.23459894845966328
0.10236794458299862 -0.22572570286608662
0.10443979103978009 -0.22673339582195343
0.10278391913154492 -0.21830701595149199
0.10449951575757965 -0.219411516189739
0.10286111016598365 -0.21068791029955103
0.10459430680888071 -0.21187418726294954
0.10297310641499643 -0.20276398784020971
0.10472533067491235 -0.20385439586560106
0.10312321721648324 -0.19377226863015251
0.10489598214266559 -0.19428085597837019
0.10331039372631121 -0.17920522057962462
0.11670033011127336 -0.17585918383456611
0.12454301651660317 -0.17502863698647109
0.12730531702711301 -0.18324566524019878
0.12716511238375602 -0.17770217443245004
0.13138355249964745 -0.18233210770281344
0.13673642810440137 -0.17750172306247097
0.14230374926696146 -0.19618301987318093
0.12622834716071707 -0.19718095077670245
0.12273295903173284 -0.19574864036336304
0.11772238623579209 -0.18914886855290072
0.11709890821169197 -0.18964461941092969
0.11368728775985004 -0.1824025951366528
0.11386143908634669 -0.18344212123116765
0.11122930955901837 -0.17569615411854905
0.11204543177432408 -0.17709489454317723
0.10998603676667328 -0.1689357261836594
0.11151904825191956 -0.17072056450689918
0.11061237728001994 -0.16165796760186388
0.11583968464041258 -0.16676095485978787
0.10996888367834606 -0.16367927686287598
0.10876735604744411 -0.16396492081994068
0.10556021635585966 -0.15617643336347758
0.10620279798346591 -0.15662509132096236
0.10379724834215842 -0.14858205210337244
0.10496072891837446 -0.1494632718990285
0.10220553157598145 -0.14124788112492331
0.10371747916886978 -0.14119477200796643
0.10203503611103307 -0.13290792222863562
0.10371747916502067 -0.1332892729420504
0.10203503612623414 -0.12490675141816321
0.10371747916053586 -0.1251841488236099
0.10203503614477957 -0.11651166163223456
0.10371747915500718 -0.11648031107809133
0.10203503616764005 -0.1073687948334075
0.10371747914773893 -0.10682806497901381
0.10203503619618448 -0.09708574335372977
0.10371747913746554 -0.095769188165531857
0.10203503623236872 -0.085107396597392082
0.10371747912168874 -0.082602588690384143
0.10203503627896432 -0.070538258136233489
0.10371747909489602 -0.066121557221994157
0.10203503633955266 -0.051745818007453342
0.10371747904276554 -0.043931686583871365
0.10203503641613237 -0.025221969114732838
0.10371747891595846 -0.010005264967155134
0.10203503648427253 0.019097045923839845
0.10371747836048914 0.065113056603403607
0.16217733329497133 0.14540013630066423
0.27785201578206054 0.13648621154919571
0.31264274856661417 0.09312192545727313
0.3752312744293364 0.10003555496223279
0.46736621318545868 0.015749031194802407
0.46146673215283834 -0.084681784779291808
0.45056004819479678 -0.1649499317872839
0.358989300458607 -0.22763971794964782
0.31617605794497505 -0.19155692395016821
0.29835488101512897 -0.19965133310813848
0.29009132584813713 -0.17846266387723103
0.27781582286546275 -0.19526067207520298
0.26958428686869906 -0.1647459588968356
0.27567220012876686 -0.17482426802309661
0.28434427428673997 -0.14552836598270677
0.30690342552314903 -0.16778349024158262
0.34202440451353405 -0.1350915362815856
0.42606884695049579 -0.24929914315859336
0.32321672933170564 -0.32926847285065586
0.29705987964293656 -0.32370002074673809
0.24533891960043189 -0.34850764637336351
0.21542283382333793 -0.33949679615220113
0.16493699461814462 -0.34419195084962423
0.12876680431667603 -0.30140682794097934
0.12773041958408457 -0.2684421143075903
0.135114448958952 -0.25534810873358554
0.1323425702933321 -0.24988186425446202
0.1281182999185792 -0.24483694664415667
0.1232501627419048 -0.23237386096723628
0.12597579733902889 -0.23071576031199936
0.12010982442648463 -0.22083287006286381
0.12809776085549002 -0.22603960131679574
0.10594244567211036 -0.22652042765537941
0.10371747896396183 -0.20909714835748133
0.10203503618156776 -0.20242739850786096
0.10371747898429283 -0.19513218811459609
0.10203503600001529 -0.18990609839376013
0.10371747898661621 -0.18527175543446484
0.1020350359248008 -0.18036077420485624
0.10371747898788933 -0.17712984924716796
0.10203503588455611 -0.17237838943966646
0.10371747898841022 -0.17005559919256186
0.1020350358598027 -0.16540095704469893
0.10371747898814954 -0.16372377800831311
0.10203503904752878 -0.15912909962815269
0.10371765516269689 -0.15793517296997811
0.10203551297855279 -0.15337460159353106
0.10371829819150971 -0.15255371661780903
0.10203625760712876 -0.14800623639522886
0.10371917929483823 -0.14747694940850345
0.10203728578704932 -0.14292279232358801
0.10372037843886318 -0.14261977411625257
0.10203881638927662 -0.13803648337074129
0.10372217281899399 -0.13789850862948094
0.10204104508821946 -0.13325056975096683
0.10373012524156669 -0.13317549899423686
0.10217012113726109 -0.12836431982645802
0.1040441516225715 -0.12841158323732305
0.10259748332068158 -0.12358736207197484
0.10458520774470978 -0.12373071962924367
0.10334617987751665 -0.11877861522611416
0.10581217266865893 -0.11912602582023361
0.1048233117247047 -0.11471681586478659
0.10700269138880206 -0.11558798087220494
0.1057516058651693 -0.11118373618177782
0.10780797900247138 -0.11212674632799952
0.10650818228327739 -0.10764192663535969
0.10854469705931272 -0.10867436831850921
0.10721631199904791 -0.10410468920172247
0.10930271353105486 -0.10518201581413376
0.10803645141459198 -0.10052736315585099
0.11030123846856475 -0.10164352646501984
0.10941091402580476 -0.096831003431607304
0.11308992278664357 -0.098635854560248717
0.11205222027544356 -0.09728279732395724
0.1107671376816238 -0.10019066073429886
0.10780448501081846 -0.09443711971338592
0.10857352282493249 -0.095837779821181759
0.10607397077477568 -0.090171507123316536
0.10701177750385543 -0.09174923563996408
0.10343683601332385 -0.085987769350991172
0.10371747882482887 -0.085515251714533821
0.10203503568551971 -0.078063736247362597
0.10371747880086651 -0.078412125621768455
0.10203503566852559 -0.071237080474950865
0.10371747877312651 -0.071684721412470412
0.1020350356488082 -0.064128331154791232
0.10371747874068211 -0.064527235501867536
0.10203503562573013 -0.056327663212432405
0.10371747870227324 -0.056583580366049449
0.10203503559849056 -0.047455561759593423
0.10371747865614653 -0.047466416370152933
0.1020350355661296 -0.037003129821629357
0.10371747859981126 -0.03662502394692628
0.10203503552770286 -0.024167255771247176
0.10371747852969107 -0.023163516358569863
0.10203503548319039 -0.0075110285656786596
0.10371747844091259 -0.005433873070400233
0.10203503543803036 0.01597539112606626
0.10371747833014329 0.02016175606729273
0.10203503543257794 0.054578287371395279
0.103717478265746 0.064921508816571466
0.10781036099893636 0.15738957844399226
0.22905345401728089 0.17571526267595289
0.25353814856385976 0.15258374599150284
0.33174568419519346 0.16557267369359419
0.39519666219403626 0.13530257006986809
0.52721694197240976 0.073505216700630288
0.53085603449302665 -0.15688691803106483
0.35491666379740611 -0.22256501124008379
0.2908610139460841 -0.16763517105357145
0.27483998453771241 -0.1474862452276785
0.26834549643100747 -0.12576722133152679
0.27811776545007172 -0.12356215564536613
0.27394912367528595 -0.12748093159675819
0.27029960352716337 -0.12512824536701017
0.27552103268550909 -0.11152636547775271
0.29849404443952188 -0.117025727761746
0.31568130360288155 -0.11231199154203378
0.38834763259261784 -0.15988537078412796
0.34311898587238937 -0.27397901387951074
0.27364471798599938 -0.26386726311809716
0.26278576814611204 -0.28279666713063489
0.21327129531293076 -0.28812235316293189
0.18734890775887125 -0.2927543218655797
0.12400921698840939 -0.2739088463493532
0.122760127752973 -0.2197737479179632
0.12596971939323492 -0.21311666304517601
0.12624782346822966 -0.19317998602166894
0.12927597972411153 -0.19153135380749814
0.1309339625132207 -0.179906543762264
0.13469922697819575 -0.18777809159476766
0.12381469946612171 -0.18306670551532078
0.12406427405401363 -0.1825366634116159
0.11274699301123495 -0.18143292008864059
0.10371747966270314 -0.172714072762992
0.10203503613155598 -0.15954863798137298
0.10371747964162542 -0.15590535006061723
0.10203503611428916 -0.14811804508941334
0.10371747961277349 -0.14579940428086186
0.10203503610505409 -0.13949525485337841
0.10371747958645851 -0.13784901000059169
0.10203503609759587 -0.13235506346763426
0.10371747956322429 -0.13112705471984487
0.10203503609088105 -0.12616770618987294
0.10371747954282336 -0.12522542495183475
0.10203503608468922 -0.12064919841847417
0.10371823068640885 -0.11991147720028797
0.10203601876695763 -0.11562355748048901
0.10371846825492206 -0.11503525552091669
0.10203603260941489 -0.11096735924344088
0.10371848858390417 -0.1104856728532648
0.10203606029037304 -0.10658750242929944
0.10371851414888059 -0.10617400498914729
0.10203609211493921 -0.10240341368953632
0.10371855201870385 -0.10200539081953969
0.10203613356348215 -0.098319107508201262
0.10371859840062271 -0.097705786510380255
0.10265465742194155 -0.094012765592978387
0.10447402194343201 -0.094192488279733227
0.10286522712440532 -0.090611113417334688
0.10467172937859261 -0.09058884403574026
0.10325438770977222 -0.086655664118885437
0.10630057058742171 -0.087164867531728835
0.10404955825544816 -0.085261948641485702
0.10504533762467311 -0.085044867846039207
0.10305274577349342 -0.081803888556004137
0.1045275606855325 -0.081449528715988789
0.1026900047089976 -0.07818328045576671
0.10426416391466932 -0.077807463973209839
0.10247722849450414 -0.07453523157712269
0.10408778512384573 -0.074112406965372274
0.10233235687187991 -0.070822228205304219
0.1039625842846303 -0.070337402548926384
0.10222757986511609 -0.067015970524365337
0.10387270126463191 -0.06645013951874551
0.10215421809352962 -0.063092931128176336
0.10378169130151284 -0.062428272506140733
0.10207193748983848 -0.058967419947484292
0.10373817070337914 -0.058172390669719951
0.10204601044700848 -0.054634298040869611
0.10372242087484698 -0.053692454247080454
0.10203651585237358 -0.050042545123218735
0.10371747942243285 -0.048914324121079197
0.10203503603865866 -0.045112114826737951
0.10371747942608339 -0.043750112645047898
0.102035036040169 -0.039742645977515575
0.10371747943123739 -0.038082499323847468
0.10203503604242865 -0.033798206610445157
0.10371747943821728 -0.031756145345810449
0.10203503604563788 -0.027095465419112133
0.10371747944748592 -0.024555523272692267
0.10203503605009226 -0.019371690197298286
0.10371747945972437 -0.01616578155540431
0.10203503605624603 -0.010229638399048689
0.10371747947597679 -0.0061009562006773058
0.10203503606482033 0.00097227098256538053
0.10371747949792237 0.0064434782325265422
0.1020350360769858 0.015368671077094928
0.10371747952842875 0.022935897120767129
0.10203503609447159 0.035266264395803049
0.10371747957266748 0.046491586540849603
0.10203503611670481 0.066724099779615798
0.10371747963902075 0.085820726082151383
0.1020350360419523 0.14310462071320512
0.18439762648630831 0.19414543544693985
0.24234979554239924 0.16184663062365448
0.26630205445308663 0.16675535883387013
0.32079430321779223 0.17108538555749975
0.41818601106412623 0.17267419311317936
0.54337840121261527 0.025038125639381889
0.44080039985273978 -0.15994911566506204
0.31175369594010116 -0.13936954838377119
0.29019719790678838 -0.09846066644958644
0.29847600378465855 -0.081057860496939055
0.30481446325712552 -0.097517971328397929
0.29371342574078713 -0.10631606166727364
0.27498428772483896 -0.11288723355826669
0.26641342541434193 -0.084799165599086235
0.29171152855004645 -0.075688548656750926
0.32336629034327147 -0.068014093355470387
0.38703310590792495 -0.11033594875550606
0.39336009445959053 -0.2047895424940169
0.32943870499805483 -0.28673992788777558
0.22949834788584725 -0.28042980287826125
0.22026963548142081 -0.23617645586143354
0.20978755986643227 -0.2653663563891549
0.1481184244008861 -0.25590192674069612
0.1323947717160921 -0.21281693253816575
0.13374105203706843 -0.19795172994558899
0.12848007823639715 -0.18449500152535911
0.12903652589013626 -0.17437103615369071
0.12847673240043284 -0.16825486635311515
0.12616339390577583 -0.16597126061718859
0.11808710202849651 -0.15900382295828611
0.12312910174732559 -0.14594934847767232
0.13088436869676948 -0.15881133776057685
0.10371747994042098 -0.16146543464293667
0.10203503628668199 -0.13750131152540979
0.10371747937071983 -0.13735016730607708
0.10203503614202887 -0.12615740768747086
0.1037174792644537 -0.12589957932651824
0.1020350360825473 -0.11758765811203459
0.10371747922406591 -0.11745203101137067
0.1020350360510616 -0.11052186608336179
0.10371747920493141 -0.11052939138219656
0.1020350360321112 -0.10443827993497259
0.10371747919495167 -0.10457350464661563
0.10203503601981181 -0.09905236686427113
0.10371747922453511 -0.099294157031016822
0.10203503634576075 -0.094185427400936411
0.10371747993223615 -0.094513921882994317
0.10203503731817737 -0.089715258998580849
0.10371748128563293 -0.090113274428982509
0.10203503925612692 -0.085553229945920295
0.10371748404557873 -0.086006201206890023
0.10203504288492224 -0.081632061314448695
0.10371748913431084 -0.082127602975696101
0.10203504972423005 -0.077898610083228653
0.10371749780422457 -0.07842592599082826
0.10203532286767275 -0.074308783301794912
0.10371929649326539 -0.074858313788524145
0.10203862761096316 -0.070827549686458546
0.10372302778956888 -0.071392540585666575
0.10204291003576715 -0.067424065946554035
0.10372868950733949 -0.067995723559101995
0.10205295105709533 -0.064070026545244296
0.10373918620281679 -0.064648874449502194
0.10205824056666518 -0.060747766656920776
0.10374102394594571 -0.061319185041779904
0.10205817323664798 -0.057419441732895857
0.10373968776013542 -0.05797625755268624
0.1020557654244446 -0.054058727469157533
0.10373660517556038 -0.054593505164980516
0.10205206090625005 -0.050638217542566005
0.10373250521501659 -0.051142889840907167
0.10204765895729831 -0.047128191380964218
0.10372792149728557 -0.047593682271487553
0.10204297409446658 -0.043495406087368557
0.10372303435704167 -0.043910904103072967
0.10203867606435046 -0.039700552411089163
0.10371982059087936 -0.040053753778351853
0.10203639351887417 -0.035699492575299585
0.10371814051098094 -0.035975358796710433
0.10203527734769968 -0.031437037695514536
0.10371749783022022 -0.031615642368900465
0.1020350360417913 -0.02684301352572651
0.10371747922379508 -0.026898269540730352
0.10203503605405061 -0.021826440892754859
0.10371747923076717 -0.021722678275771068
0.10203503606948433 -0.016265470604669992
0.10371747923923678 -0.015953206127081343
0.10203503608925345 -0.0099927392586818473
0.10371747924968297 -0.0094004488187864332
0.10203503611515516 -0.0027688574801172927
0.10371747926278768 -0.0017883529909068774
0.10203503615013228 0.0057653470284262168
0.10371747927954787 0.0073071278509175414
0.10203503619937047 0.016183030808686036
0.10371747930144733 0.018583920414184246
0.10203503627302879 0.029480606650866895
0.10371747933068276 0.033308116432643031
0.10203503639462402 0.047634512853777303
0.10371747937004361 0.054152261171400706
0.10203503663809155 0.075646098250500338
0.10371747941752352 0.088581088298846575
0.10203503754388069 0.13936980176302299
0.16301592014052599 0.18273311335047859
0.22570979404150196 0.16989364488013631
0.23819593112277068 0.15092918786452206
0.28376088108799546 0.18003540353060835
0.33970985002804643 0.14097905227950103
0.39768486012195203 0.1560235335441276
0.51865742182953634 0.0056125294845080498
0.37780301967971824 -0.12641477488742403
0.33505297008565971 -0.077608369600912788
0.3102235247759686 -0.10343809636612401
0.30110407022322522 -0.075798489701127764
0.30086288122210059 -0.10231442036729255
0.28620006268108478 -0.099667177734341333
0.26316356892526432 -0.11073667860584675
0.26047195424913161 -0.069743399906026599
0.28442047587606845 -0.072115702421609681
0.33599753656791564 -0.045577857231369187
0.41640956868135504 -0.17002790978629084
0.29220560450596905 -0.26485062774180312
0.23672381662616906 -0.21893243456701272
0.21951699444867107 -0.21477795002259473
0.21580278080591234 -0.20788830034805544
0.18552494570129408 -0.23799492840209435
0.13450460438764594 -0.20920483088232136
0.13147294586210639 -0.17922205102315902
0.12985686800356902 -0.16258895901764941
0.13449637156376254 -0.15513457470049591
0.13120260103073089 -0.15365336101905105
0.12292574557231492 -0.14953989952392627
0.11932309913018675 -0.1361637855336526
0.12601515074768177 -0.13285300678420214
0.1239007504349588 -0.13792820540303471
0.11036217079508545 -0.13881869466101518
0.10203503603360745 -0.12417796007599091
0.10371747918242302 -0.11761264309938488
0.10203503602838249 -0.11003532272766781
0.1037174791985519 -0.10682514483725314
0.10203503600751289 -0.10104639171418923
0.10371747919524364 -0.09874983442302479
0.10203503598861022 -0.093919345108939484
0.1037174791881486 -0.092108097768202668
0.1020350359725834 -0.087893709692920124
0.10371747918061498 -0.086391845767997147
0.102035035959001 -0.082617778065531
0.10371747921605659 -0.08132884672221298
0.10203503653788844 -0.077886960452793669
0.10371747978046106 -0.076749713854973173
0.10203503659862666 -0.073567327293588197
0.10371747989852056 -0.072539135847838873
0.10203503677565391 -0.069564448730003892
0.10371748014985148 -0.068613605875807102
0.10203503710538361 -0.065808073531910205
0.10371748059700873 -0.064909669166596906
0.10203503766413087 -0.062243525657735055
0.10371748132945792 -0.061376791177822715
0.10203591194513344 -0.058825234956240688
0.10372262529561536 -0.057973972690617742
0.10204027145022979 -0.055525270272673621
0.10372297476446145 -0.054671990055954009
0.10204114675622378 -0.052303430610289608
0.10372519529681834 -0.05143299344305928
0.10204790938111469 -0.04913742878719507
0.10372317544384724 -0.048244291523323518
0.10203785172547995 -0.045995890612102117
0.10371890286944831 -0.045052363445274191
0.1020357668448468 -0.042851150566263735
0.10371786347897814 -0.04184751247235316
0.10203541881999842 -0.039683075710250162
0.10371803513236894 -0.038603165893226835
0.10203595586639859 -0.036466004759249014
0.10371888862720824 -0.035291523716689803
0.10203712704746033 -0.033172178471897407
0.10372047494639934 -0.031882099944234063
0.10203981822829009 -0.029771188510556379
0.10372335266675566 -0.02834363416657705
0.10203842704402483 -0.026231389011830947
0.10371996668793526 -0.024629801188798248
0.10203693770353979 -0.022501434722219285
0.10371889088147575 -0.020693170716441937
0.10203603163217664 -0.018536041458428167
0.10371787226414267 -0.016474580720463865
0.10203503580186038 -0.014271281805706387
0.10371747907469299 -0.011896736915583475
0.10203503578934763 -0.0096267296782207995
0.10371747906759105 -0.0068604998980643928
0.10203503577532833 -0.0044956999978063156
0.10371747906010138 -0.0012295457066993087
0.1020350357594874 0.0012676639651682114
0.10371747905236769 0.0051868473057567338
0.10203503574144478 0.0078691136946693191
0.10371747904476412 0.012667860702214817
0.10203503572076413 0.015612118270420861
0.10371747903820423 0.021644876820073156
0.10203503569701787 0.024969580566756022
0.10371747903495161 0.032833802397370479
0.10203503567005376 0.036734444875650113
0.10371747904112046 0.047549439357330622
0.10203503564101962 0.052384197195920065
0.10371747907624361 0.0686219653814263
0.10203503561665851 0.075190535890485632
0.10371747922713817 0.10422804600664282
0.10203503562728305 0.11598423165510893
0.11128120788112492 0.20830737076828454
0.2550236490178151 0.21411927807759756
0.2529757901347699 0.13080204338343429
0.27275397138737717 0.16641466847927827
0.31065127585894636 0.12687067516149614
0.34324830760064978 0.15793650222019207
0.4636132727666169 0.075794245749975175
0.4251266656341337 -0.065354313673409603
0.34464118296453039 -0.10380359243533628
0.28209373838462054 -0.092131267270308889
0.27403307127761162 -0.057087260776136031
0.28371716051717683 -0.059403791007784187
0.28059730282473566 -0.064804480206314671
0.27309232118311527 -0.067454874079224889
0.27701834301043538 -0.056176298900617802
0.28721910023762853 -0.061935383065522293
0.31331150501449062 -0.038985070433997598
0.40134238192609401 -0.11108253827268544
0.32300782467029465 -0.23403397571941092
0.24418018947603409 -0.20008680611547283
0.2351986634560955 -0.19451542555850196
0.22997971318139954 -0.18703429148034215
0.21259561695265261 -0.23687779068144982
0.12833687546758657 -0.21562204580284894
0.13015494720813786 -0.16515791909398581
0.12839715455072631 -0.15552599464284911
0.13118884179447471 -0.1424381314372184
0.12622243435094041 -0.13928131218456358
0.12527615204000284 -0.1288654718923965
0.12491997166536012 -0.12646008416286586
0.12175715487364237 -0.12114256421261117
0.12518170661550773 -0.11906035125762499
0.1162909908045105 -0.12697467961873515
0.10203503642460128 -0.1143266422862346
0.10371747945976653 -0.10509546284938545
0.102035036354202 -0.097884984795001767
0.10371747943931328 -0.09425080242646304
0.10203503631571217 -0.088496453735336281
0.10371747941949795 -0.086229444560215529
0.10203503628608036 -0.081242354639995434
0.10371747940198212 -0.079681252490836019
0.10203503626199641 -0.075188357903854364
0.103717479386749 -0.074077168169057392
0.10203503624192578 -0.069933749775746387
0.10371747937349253 -0.069136969028055939
0.10203503622535484 -0.065253827687744043
0.10371747936386203 -0.064687831386117348
0.10203503621396127 -0.061004627064089711
0.1037174793572386 -0.060612946129787251
0.10203503620541243 -0.057086148735876127
0.10371747935310724 -0.056828268428919769
0.10203503620060166 -0.053424905229746758
0.10371747935282663 -0.053270390196304876
0.10203503620031487 -0.049964464937835004
0.10371747935832129 -0.049889547296396886
0.10203503620728403 -0.04665982268551469
0.1037175020549049 -0.046645246487840041
0.10203512233802185 -0.043473825151878726
0.10371763662543462 -0.043503540679524881
0.10203527956781916 -0.04037486604866368
0.10371784197420983 -0.040434815692486401
0.10203562442762065 -0.037334879162770077
0.1037183507340922 -0.037412610260487728
0.10203602168573778 -0.034328718575083919
0.10371851072107759 -0.034412129179825168
0.10203607263933694 -0.031331502380883558
0.1037184918848255 -0.031408747424656075
0.10203601139296538 -0.028319098170197468
0.10371839311362419 -0.028378093272917182
0.10203589044429953 -0.025266862477660849
0.10371825500687448 -0.025294645868304703
0.10203574237768992 -0.022148603614980764
0.10371810477087559 -0.022130713466341899
0.10203560336175195 -0.01893549069448415
0.10371800485854202 -0.018855267370412647
0.10203532532520432 -0.015594888118936709
0.10371764990600665 -0.01543200457859259
0.10203513582337556 -0.01208787470773507
0.10371753392297758 -0.011817913829227825
0.10203506190800697 -0.0083683723085954953
0.10371748785555256 -0.0079600151245220602
0.10203503610178322 -0.0043786785508873188
0.10371747926424657 -0.0037910839872231095
0.10203503609781818 -4.510431641098489e-005
0.10371747926049171 0.00077656221028446493
0.10203503609355841 0.0047292872883756276
0.10371747925652869 0.0058610084005888685
0.10203503608879558 0.010076121517649611
0.10371747925223682 0.011627043690933883
0.10203503608321529 0.016180776657434504
0.10371747924743707 0.018314663277826493
0.10203503607631151 0.02331602562799108
0.10371747924184035 0.026292471631939471
0.10203503606721756 0.031905930773741403
0.10371747923492852 0.036167726094075925
0.10203503605430764 0.042659652262299397
0.1037174792256251 0.049045178617598273
0.10203503603416088 0.056892588051805942
0.10371747921117655 0.067271430568675988
0.10203503599821309 0.077474299178354036
0.10371747918151364 0.097484264187432682
0.10203503591736759 0.11285339681235459
0.10371747904763559 0.1817310663519591
0.21683414765040299 0.2203914893474849
0.26989525877585507 0.14437874366973769
0.26826324094416532 0.12026025578282196
0.26435017978908193 0.10467180337474458
0.29810515708491564 0.13759782913511698
0.37066784640512557 0.075030886137119807
0.34816298449359045 0.013168912247755737
0.34140787047866078 -0.013309900600170586
0.32369228356535318 -0.047895523713532603
0.29004247699901031 -0.07016678754362296
0.25864164895437169 -0.057022864745000471
0.2576902222481785 -0.045875415930325722
0.25801927420362258 -0.040026654769338449
0.26169668492775 -0.037193547324978836
0.27665906322097428 -0.030951967798117645
0.29028132958426706 -0.032250628967942264
0.36479105535213235 -0.036522898238171946
0.37974533763307738 -0.19139332273655257
0.2386875357941855 -0.21256703437051475
0.22989122860603856 -0.16946925049008893
0.20986734061435028 -0.17197123009300236
0.21252099876273323 -0.1829779650899386
0.15208270654687539 -0.19848742333115654
0.1331476515077514 -0.15195879509851665
0.13099420456384792 -0.14239535843705228
0.12858862170502433 -0.12665696003878718
0.12472035335944406 -0.11959073375366452
0.12800471284626999 -0.11065686644570284
0.12304465330134587 -0.10815039869983407
0.12672532467856218 -0.10070114917413411
0.12688452060991862 -0.10141181684894206
0.12755549229672936 -0.11003375495901022
0.10203503597813238 -0.1088885455463286
0.10371747912841428 -0.088058679684715258
0.10203503596803271 -0.087332670078440422
0.10371747918840871 -0.077550193070659315
0.1020350359966149 -0.076926701723606133
0.10371747921590725 -0.0698696972778068
0.10203503601718168 -0.069291132843670278
0.10371747923131942 -0.063635697292970694
0.10203503603206245 -0.063075479824443711
0.10371747924094155 -0.05831680691176562
0.10203503604340877 -0.057759488655973967
0.10371747924738894 -0.05363532088505206
0.10203503605261996 -0.053071013338399482
0.10371747925225659 -0.049421685717555022
0.10203503606045117 -0.048843642889328708
0.10371747925566677 -0.045562183813200131
0.10203503606717079 -0.044965530274028311
0.10371747925838076 -0.041975478521931953
0.1020350360733403 -0.041356466660381633
0.10371747926070699 -0.038600479848268497
0.10203503607927278 -0.037956023941762514
0.10371747926293311 -0.03538940013712194
0.10203503608528544 -0.034716759174625994
0.10371750731423068 -0.032303449719638611
0.1020350967681084 -0.031600071367533983
0.10371754330879984 -0.029310152669739506
0.10203510801802224 -0.028573353677099414
0.10371756952676917 -0.026381057081495782
0.10203519199590955 -0.025608026263417641
0.1037177735013049 -0.023490757739089194
0.10203515683057984 -0.022678617443973828
0.10371754772831343 -0.020615154012400286
0.10203507741047846 -0.019760060746651931
0.10371750500501929 -0.017730936022442245
0.10203505153131232 -0.016828897548305369
0.10371748820046775 -0.014814677673395851
0.10203504125295634 -0.013860853514157973
0.10371748198424936 -0.011841719597073266
0.10203503762304753 -0.010830314453808373
0.10371748016550525 -0.008785256269897096
0.10203503690758969 -0.007709250929815295
0.10371748053202985 -0.0056151547930244489
0.10203503682300341 -0.0044659450764638481
0.10371747960353955 -0.0022964619964830624
0.10203503635851541 -0.0010633564049087052
0.10371747940500176 0.0012125761637189203
0.10203503622959573 0.0025430569930169622
0.10371747930100203 0.0049632568710468311
0.10203503617515922 0.0064084089883797157
0.10371747927837785 0.0090203740247844499
0.10203503618630397 0.010602848791912367
0.10371747928011385 0.013468127231725149
0.10203503620153384 0.015218325753901973
0.1037174792820071 0.018419324582248431
0.1020350362196405 0.02037928175100924
0.10371747928404612 0.024030386457308386
0.10203503624159552 0.026260397864884516
0.1037174792861735 0.030527189019243478
0.10203503626885904 0.033117840027363649
0.10371747928821903 0.038252745752711231
0.10203503630374858 0.041348524195770411
0.10371747928971858 0.047763481544583583
0.10203503635020303 0.051614140921815557
0.10371747928938485 0.060049595223045787
0.10203503641562711 0.065138932377430181
0.10371747928321355 0.077145031107540882
0.10203503651640278 0.084590487629274125
0.10371747925516113 0.10448779103876159
0.10203503670230545 0.11783636634027697
0.10371747906914892 0.17283012622390143
0.17694296605862261 0.21868818095814757
0.26066647789091751 0.19112849449029529
0.28238834935346502 0.12068250013344028
0.25113609890912858 0.10388076994723244
0.25368593064934342 0.13081785012909583
0.32551990805706321 0.16524463793794272
0.42536761265809714 0.04964648389382087
0.31932853674430139 -0.047214049302092359
0.30324675561242231 -0.00089411476306608395
0.28923909609249471 -0.040096115040734778
0.27699293546048792 -0.0085440175672338581
0.28763651878978713 -0.031854636968366545
0.29168455540960531 -0.027904838405875959
0.27333636772125941 -0.069980246302640658
0.25725315812513633 -0.020692167774299969
0.29050387447670034 -0.044138691773761882
0.31499482985001453 -0.012101183276346433
0.3931596023188057 -0.14023313547530153
0.24469045691318164 -0.19109575342536228
0.26057406300685432 -0.14094653824710812
0.21934259631203101 -0.18473117366028197
0.20920091356788934 -0.15775402842174788
0.17561817629653476 -0.19254487791886116
0.13257036558163118 -0.15349735917131591
0.13005056009266641 -0.13220820942035164
0.13205924981027498 -0.11398550183807248
0.13032397817280958 -0.11126002295196832
0.13205000606171319 -0.10147223507973741
0.12777450833763743 -0.10252309778365323
0.12835411291995566 -0.094759183519297546
0.12441296813168484 -0.096914583951994995
0.1241911813786829 -0.094196646257355826
0.11130191995325109 -0.098711617976633775
0.10371747892938084 -0.084281618988736179
0.10203503593152087 -0.078071179399353097
0.10371747917725695 -0.069660863244815283
0.10203503595616276 -0.06765998449912386
0.10371747923116653 -0.061058555898590619
0.10203503597294755 -0.059961468216488095
0.10371747925489676 -0.054398786315963815
0.10203503598594309 -0.053690235391546964
0.10371747926836701 -0.048838055509367387
0.10203503599684716 -0.048334231563771868
0.10371747927728592 -0.044007593526844815
0.10203503600650016 -0.043620588355803971
0.10371747928389516 -0.039700222447770106
0.10203503601537275 -0.039380751190467897
0.1037174792892419 -0.03578349202499484
0.10203503602375547 -0.035500829570570547
0.10371747929387629 -0.032165625640158457
0.10203503603184445 -0.031898960004218629
0.10371747929811502 -0.028779293385648858
0.10203503603978963 -0.028513451097913672
0.10371747930216116 -0.025572831961328868
0.10203503604771252 -0.025295938138627766
0.10371747931135644 -0.02250504169834236
0.10203503633227594 -0.022207125027934149
0.10371747998723738 -0.019541877518126333
0.10203503713930059 -0.019213968608261356
0.10371748082724166 -0.016654212115931349
0.10203503815629986 -0.016287704193305358
0.10371748262858206 -0.013816232806364265
0.10203504036296164 -0.013402385286526902
0.10371748346927734 -0.011004225080930879
0.10203503974481125 -0.010533720764729942
0.10371748238954023 -0.0081955676986900927
0.10203503845066622 -0.0076580881453187366
0.10371748111067713 -0.0053678638417534175
0.10203503733056574 -0.0047516201561517146
0.10371748015234439 -0.0024980905956087929
0.10203503663012858 -0.0017892712246491416
0.10371747971553669 0.00043829176463483499
0.10203503652229806 0.0012562124759164517
0.10371748008154402 0.0034683536783200186
0.10203503731153132 0.0044155212065433158
0.10371747996597887 0.0066229325458156407
0.10203503656756571 0.007724346171756602
0.10371747964880583 0.0099382349571165429
0.10203503636630235 0.011225466930473216
0.10371747949097569 0.013457987633070628
0.10203503623590336 0.014971674010004599
0.10371747937746402 0.017236480511346963
0.10203503620938195 0.01903002298935294
0.10371747938650214 0.021343004164387419
0.10203503623176258 0.023488276734383723
0.10371747939645248 0.025868589489016297
0.10203503625798549 0.028465094806999824
0.10371747940742583 0.030936679225308128
0.10203503628937961 0.034126965275968812
0.10371747941951052 0.036720869664654487
0.102035036328016 0.040718077129224456
0.10371747943271381 0.043476205254870531
0.1020350363773532 0.048617155731099565
0.10371747944680126 0.051598676003419275
0.10203503644372652 0.058456936162701867
0.10371747946084466 0.061750166789018124
0.1020350365403683 0.071412848042247956
0.1037174794717884 0.075160408237284315
0.10203503670108915 0.090064600121401162
0.1037174794690886 0.094534691940873938
0.10203503704932575 0.12211625602522636
0.10371747941269653 0.12825830429117169
0.10415929354055373 0.22138472976698603
0.26295857373089754 0.2252074675804081
0.25820760685054978 0.11340543698192279
0.24574947952747545 0.12228646932119036
0.22493833972796168 0.10819553576479979
0.27145043578464845 0.18716431258495081
0.38954861789604189 0.094048706389306624
0.32209556054740962 -0.0063468631012133514
0.27897674611174705 0.01422598546666326
0.28850320317343803 0.011249183880757019
0.27633305288991555 -0.0076526664330709426
0.25937646817795584 -0.0052460691200694742
0.2577620669623773 0.0068409167764961754
0.26989608064991333 0.0064897029774401149
0.26981922193644514 0.011494167305952152
0.30346899058487903 0.017287519173664223
0.33089064650177474 0.00019401678569697101
0.39098352370977957 -0.047846042215082152
0.35216264674085968 -0.16106633304845677
0.28820906902870741 -0.15823241207869509
0.26514720031244798 -0.19256573951311395
0.20542205296874849 -0.17535604822445858
0.2046217213664821 -0.18460966885904817
0.13235477472574053 -0.17990241410848301
0.13047266580780215 -0.12393923211989794
0.13248324034946848 -0.12230127628156817
0.12839847447815134 -0.10486144772885753
0.12966300045863885 -0.10231818987052133
0.12584251420011255 -0.094961727314619937
0.1249480047241328 -0.092599200208906218
0.11949592871413051 -0.089764126499945085
0.11517003465682546 -0.082853936502344849
0.11621630226258689 -0.081701193008180573
0.10371747906519432 -0.080318872879055814
0.10203503558873367 -0.065278478552793451
0.10371747903196435 -0.063302424727572193
0.10203503560648933 -0.055837749534588088
0.10371747904558834 -0.053917205993510242
0.10203503563535166 -0.048611178394575738
0.10371747906380058 -0.046764043745495587
0.10203503566342592 -0.042639023375844132
0.10371747908176973 -0.040847566513521505
0.10203503568889899 -0.037501833163377407
0.1037174790985772 -0.035747625438574016
0.10203503571173816 -0.032963516236753976
0.10371747911414822 -0.031231122880688966
0.10203503573227712 -0.028873238388360756
0.10371747912862184 -0.027149986027659168
0.10203503575089196 -0.025126877585785579
0.1037174791421861 -0.023402148181264071
0.10203503576792672 -0.021648560479819112
0.10371747915502583 -0.019913159006813785
0.10203503578367523 -0.018380628058188631
0.10371747916731311 -0.016626284147760462
0.10203503579838979 -0.015277679610400163
0.10371747917920243 -0.01349665731405203
0.10203503605233688 -0.01230279326860817
0.10371747949677612 -0.010487575194888965
0.10203503614623854 -0.0094249926972747033
0.10371747957070809 -0.0075680068672587808
0.1020350363261977 -0.0066174591170868879
0.10371748028138272 -0.0047108298481290944
0.10203503642574141 -0.0038562097268395323
END
